a1L0_2/varible:0 [[0.19529162]]
a1L1_2/varible:0 [[0.18304563]]
a1L10_2/varible:0 [[0.09582391]]
a1L11_2/varible:0 [[-0.31787732]]
a1L12_2/varible:0 [[0.15260038]]
a1L13_2/varible:0 [[-0.29205367]]
a1L14_2/varible:0 [[-0.39168647]]
a1L15_2/varible:0 [[0.0632784]]
a1L16_2/varible:0 [[0.2187326]]
a1L17_2/varible:0 [[0.15640846]]
a1L18_2/varible:0 [[-0.26057413]]
a1L19_2/varible:0 [[0.12526949]]
a1L2_2/varible:0 [[1.0018656]]
a1L20_2/varible:0 [[0.15196347]]
a1L21_2/varible:0 [[-0.39830536]]
a1L22_2/varible:0 [[0.11997815]]
a1L23_2/varible:0 [[-0.03030449]]
a1L24_2/varible:0 [[-0.27385]]
a1L25_2/varible:0 [[-0.38018966]]
a1L26_2/varible:0 [[0.3314684]]
a1L27_2/varible:0 [[0.4507714]]
a1L28_2/varible:0 [[-0.5044318]]
a1L29_2/varible:0 [[-0.08790455]]
a1L3_2/varible:0 [[0.93097246]]
a1L30_2/varible:0 [[-1.0639597]]
a1L31_2/varible:0 [[-0.97701424]]
a1L32_2/varible:0 [[-0.00234923]]
a1L33_2/varible:0 [[-1.1627965]]
a1L34_2/varible:0 [[0.04196057]]
a1L35_2/varible:0 [[-0.3635221]]
a1L4_2/varible:0 [[0.44950384]]
a1L5_2/varible:0 [[-1.1509488e-05]]
a1L6_2/varible:0 [[0.00031649]]
a1L7_2/varible:0 [[-0.2018587]]
a1L8_2/varible:0 [[0.01228818]]
a1L9_2/varible:0 [[-0.00022734]]
a2L10_2/varible:0 [[-0.35030738]]
a2L15_2/varible:0 [[-0.22600088]]
a2L16_2/varible:0 [[-0.02515141]]
a2L18_2/varible:0 [[-0.3567244]]
a2L19_2/varible:0 [[0.23668459]]
a2L20_2/varible:0 [[0.00063893]]
a2L21_2/varible:0 [[-0.2522629]]
a2L22_2/varible:0 [[0.33147037]]
a2L23_2/varible:0 [[-0.9429856]]
a2L24_2/varible:0 [[0.27127704]]
a2L25_2/varible:0 [[0.00637047]]
a2L26_2/varible:0 [[0.10039082]]
a2L27_2/varible:0 [[0.92346215]]
a2L28_2/varible:0 [[-0.46068865]]
a2L29_2/varible:0 [[0.14548723]]
a2L3_2/varible:0 [[-0.20664054]]
a2L30_2/varible:0 [[-0.01781666]]
a2L31_2/varible:0 [[-0.04820137]]
a2L32_2/varible:0 [[0.00068909]]
a2L33_2/varible:0 [[-0.00031338]]
a2L34_2/varible:0 [[-0.5505477]]
a2L35_2/varible:0 [[0.00053333]]
a2L36_2/varible:0 [[-0.52447474]]
a2L37_2/varible:0 [[0.00014677]]
a2L38_2/varible:0 [[0.02122729]]
a2L39_2/varible:0 [[-0.2448266]]
a2L4_2/varible:0 [[-0.09906254]]
a2L40_2/varible:0 [[0.24892256]]
a2L41_2/varible:0 [[-0.38916522]]
a2L45_2/varible:0 [[-0.050811]]
a2L46_2/varible:0 [[-0.04217633]]
a2L48_2/varible:0 [[0.2127195]]
a2L49_2/varible:0 [[-0.04613002]]
a2L50_2/varible:0 [[-0.37683868]]
a2L51_2/varible:0 [[0.60074455]]
a2L52_2/varible:0 [[-0.7482393]]
a2L53_2/varible:0 [[-0.14144817]]
a2L9_2/varible:0 [[-0.18994287]]
a2L11_2/const_1:0 [[0.]]
a2L17_2/const_1:0 [[0.]]
a2L42_2/const_1:0 [[0.]]
a2L43_2/const_1:0 [[0.]]
a2L44_2/const_1:0 [[0.]]
a2L47_2/const_1:0 [[0.]]
a2L5_2/const_1:0 [[0.]]
