a1L0_2/varible:0 [[-0.00010232]]
a1L1_2/varible:0 [[2.4061039e-05]]
a1L10_2/varible:0 [[0.021546]]
a1L11_2/varible:0 [[0.00020581]]
a1L12_2/varible:0 [[0.5713396]]
a1L13_2/varible:0 [[0.0264677]]
a1L14_2/varible:0 [[0.00020167]]
a1L15_2/varible:0 [[0.39676002]]
a1L16_2/varible:0 [[0.00089864]]
a1L17_2/varible:0 [[0.03456645]]
a1L18_2/varible:0 [[0.3755026]]
a1L19_2/varible:0 [[0.00067751]]
a1L2_2/varible:0 [[-0.00027446]]
a1L20_2/varible:0 [[0.19980009]]
a1L21_2/varible:0 [[-5.9481907e-05]]
a1L22_2/varible:0 [[0.00037168]]
a1L23_2/varible:0 [[-0.62705547]]
a1L24_2/varible:0 [[6.484605e-05]]
a1L25_2/varible:0 [[-0.00040029]]
a1L26_2/varible:0 [[0.60666215]]
a1L27_2/varible:0 [[0.34550515]]
a1L28_2/varible:0 [[-0.16424893]]
a1L29_2/varible:0 [[-0.06065284]]
a1L3_2/varible:0 [[1.757292e-05]]
a1L30_2/varible:0 [[-9.951165e-05]]
a1L31_2/varible:0 [[0.00039829]]
a1L32_2/varible:0 [[0.00056111]]
a1L4_2/varible:0 [[0.5887096]]
a1L5_2/varible:0 [[0.0003341]]
a1L6_2/varible:0 [[7.476935e-05]]
a1L7_2/varible:0 [[-3.171388e-05]]
a1L8_2/varible:0 [[0.00013741]]
a1L9_2/varible:0 [[0.5696285]]
a2L10_2/varible:0 [[0.2427108]]
a2L11_2/varible:0 [[-5.9763028e-05]]
a2L12_2/varible:0 [[-0.00015092]]
a2L17_2/varible:0 [[0.12965314]]
a2L18_2/varible:0 [[-8.436011e-05]]
a2L19_2/varible:0 [[-0.04379406]]
a2L21_2/varible:0 [[-0.00028046]]
a2L22_2/varible:0 [[-0.00016989]]
a2L23_2/varible:0 [[2.5882753e-05]]
a2L24_2/varible:0 [[0.241968]]
a2L25_2/varible:0 [[-1.9552726e-05]]
a2L26_2/varible:0 [[2.771346e-05]]
a2L27_2/varible:0 [[4.049017e-05]]
a2L28_2/varible:0 [[0.00014475]]
a2L29_2/varible:0 [[-0.00028579]]
a2L3_2/varible:0 [[0.14208359]]
a2L30_2/varible:0 [[-9.8872195e-05]]
a2L31_2/varible:0 [[0.2552326]]
a2L32_2/varible:0 [[-2.0318952e-05]]
a2L33_2/varible:0 [[0.00011697]]
a2L34_2/varible:0 [[4.205692e-05]]
a2L35_2/varible:0 [[0.00016368]]
a2L36_2/varible:0 [[1.248901e-05]]
a2L37_2/varible:0 [[-0.00011005]]
a2L38_2/varible:0 [[-9.4535906e-05]]
a2L39_2/varible:0 [[7.4816053e-06]]
a2L4_2/varible:0 [[-8.3309584e-05]]
a2L40_2/varible:0 [[-0.00021302]]
a2L41_2/varible:0 [[-0.00019755]]
a2L42_2/varible:0 [[-0.00010095]]
a2L43_2/varible:0 [[-4.8164817e-05]]
a2L44_2/varible:0 [[0.00018238]]
a2L45_2/varible:0 [[-0.00046712]]
a2L46_2/varible:0 [[0.00010684]]
a2L47_2/varible:0 [[-5.186797e-05]]
a2L48_2/varible:0 [[0.00020522]]
a2L49_2/varible:0 [[-5.3435528e-05]]
a2L5_2/varible:0 [[-0.00037317]]
a2L50_2/varible:0 [[-0.31341228]]
a2L51_2/varible:0 [[-6.303676e-05]]
a2L52_2/varible:0 [[-0.50886905]]
a2L53_2/varible:0 [[-0.30397397]]
a2L54_2/varible:0 [[0.00023249]]
a2L55_2/varible:0 [[0.01214093]]
a2L56_2/varible:0 [[-0.00014626]]
a2L57_2/varible:0 [[-0.00015501]]
a2L58_2/varible:0 [[-0.00032123]]
a2L59_2/varible:0 [[-0.12423731]]
a2L60_2/varible:0 [[1.845611e-05]]
a2L61_2/varible:0 [[-0.38645616]]
a2L62_2/varible:0 [[1.2162406]]
a2L66_2/varible:0 [[0.4970982]]
a2L67_2/varible:0 [[0.26745033]]
a2L68_2/varible:0 [[0.30640098]]
a2L70_2/varible:0 [[6.649125e-05]]
a2L71_2/varible:0 [[0.16832675]]
a2L72_2/varible:0 [[5.386217e-06]]
a2L73_2/varible:0 [[-0.730939]]
a2L74_2/varible:0 [[-0.57005775]]
a2L75_2/varible:0 [[0.02391002]]
a2L76_2/varible:0 [[-0.1688223]]
a2L13_2/const_1:0 [[0.]]
a2L20_2/const_1:0 [[0.]]
a2L6_2/const_1:0 [[0.]]
a2L63_2/const_1:0 [[0.]]
a2L64_2/const_1:0 [[0.]]
a2L65_2/const_1:0 [[0.]]
a2L69_2/const_1:0 [[0.]]
